1.063599895542388651e-03 -3.089857258942174667e-10 9.999994343774711858e-01 -2.837979077861397137e+00 -9.999994343773750405e-01 -4.384306671045834491e-07 1.063599895542111096e-03 -1.839841493589494410e-03 4.384300903992333076e-07 -9.999999999999038547e-01 -7.753002684296461666e-10 1.091999973609657504e+00 0.000000000000000000e+00 0.000000000000000000e+00 0.000000000000000000e+00 1.000000000000000000e+00
1.069475722166313147e-03 -3.341868448636375888e-10 9.999994281106763250e-01 -2.837975728775078643e+00 -9.999994281105901717e-01 -4.153525163808069465e-07 1.069475722166091103e-03 -1.838590892174469258e-03 4.153519213567768986e-07 -9.999999999999138467e-01 -7.783960143115109531e-10 1.091999973607519880e+00 0.000000000000000000e+00 0.000000000000000000e+00 0.000000000000000000e+00 1.000000000000000000e+00
1.974556504114488575e-03 7.539761592845195537e-10 9.999980505614058934e-01 -2.802625251526718486e+00 -9.999980505610199799e-01 -8.784956762042384071e-07 1.974556504114433064e-03 -1.677153942722377829e-03 8.784954522722543402e-07 -9.999999999996140865e-01 -9.806646605881041978e-10 1.091999973480821895e+00 0.000000000000000000e+00 0.000000000000000000e+00 0.000000000000000000e+00 1.000000000000000000e+00
1.972997342451598968e-03 -1.837134666615725109e-09 9.999980536388493046e-01 -2.716648034919753485e+00 -9.999980536387176322e-01 5.130506655071087607e-07 1.972997342452376124e-03 -1.509544127512044360e-03 -5.130532915731400578e-07 -9.999999999998684386e-01 -8.248834948432204328e-10 1.091999973596109008e+00 0.000000000000000000e+00 0.000000000000000000e+00 0.000000000000000000e+00 1.000000000000000000e+00
1.978286158378139703e-03 -2.796762821333231841e-11 9.999980431900230560e-01 -2.630670865464479924e+00 -9.999980431899396782e-01 -4.084766589418364902e-07 1.978286158377751125e-03 -1.337866314462833432e-03 4.084758044586855874e-07 -9.999999999999165112e-01 -8.360512282479248825e-10 1.091999973697074910e+00 0.000000000000000000e+00 0.000000000000000000e+00 0.000000000000000000e+00 1.000000000000000000e+00
1.716131372222151619e-03 -1.406476046739157937e-09 9.999985274454725737e-01 -2.545421268870356801e+00 -9.999985274454039619e-01 3.702577435760190383e-07 1.716131372222706730e-03 -1.198013934183812714e-03 -3.702596121923917849e-07 -9.999999999999316103e-01 -7.710632132784667192e-10 1.091999973620367381e+00 0.000000000000000000e+00 0.000000000000000000e+00 0.000000000000000000e+00 1.000000000000000000e+00
1.368868212192175804e-03 -9.517052701468742271e-10 9.999990630994699536e-01 -2.475093115837933677e+00 -9.999990630994654017e-01 9.587657734400067966e-08 1.368868212192342337e-03 -1.134441221013406283e-03 -9.587779037367738511e-08 -9.999999999999953371e-01 -8.204619206253482844e-10 1.091999973638294819e+00 0.000000000000000000e+00 0.000000000000000000e+00 0.000000000000000000e+00 1.000000000000000000e+00
1.372839227740563217e-03 -3.864398800956792002e-10 9.999990576557833410e-01 -2.407850799353147053e+00 -9.999990576557172828e-01 -3.635381167210738340e-07 1.372839227740285661e-03 -1.040559979173877759e-03 3.635372436416872688e-07 -9.999999999999338307e-01 -8.855189914669381324e-10 1.091999973690081838e+00 0.000000000000000000e+00 0.000000000000000000e+00 0.000000000000000000e+00 1.000000000000000000e+00
1.368707190975704258e-03 -1.177121511375389673e-09 9.999990633198739820e-01 -2.338209748749624062e+00 -9.999990633198321266e-01 2.893326883635083391e-07 1.368707190975981813e-03 -9.466011782574754434e-04 -2.893340285137213641e-07 -9.999999999999580336e-01 -7.811087332498800606e-10 1.091999973587222117e+00 0.000000000000000000e+00 0.000000000000000000e+00 0.000000000000000000e+00 1.000000000000000000e+00
1.369461787230075167e-03 -8.206417212441863285e-10 9.999990622867669376e-01 -2.268569950802382440e+00 -9.999990622867669376e-01 1.435928909110373297e-08 1.369461787230075167e-03 -8.513757984285332762e-04 -1.436039942515066059e-08 -9.999999999999998890e-01 -8.009763963201521619e-10 1.091999973643847710e+00 0.000000000000000000e+00 0.000000000000000000e+00 0.000000000000000000e+00 1.000000000000000000e+00
1.372539192932342722e-03 -2.947744826009568442e-10 9.999990580676383356e-01 -2.198926580157220645e+00 -9.999990580675586216e-01 -3.990712393875384123e-07 1.372539192932009655e-03 -7.542540772953465478e-04 3.990704589562632520e-07 -9.999999999999202860e-01 -8.425151687418974689e-10 1.091999973610029873e+00 0.000000000000000000e+00 0.000000000000000000e+00 0.000000000000000000e+00 1.000000000000000000e+00
1.368338174810412866e-03 -1.503350222087362908e-09 9.999990638248814623e-01 -2.129284494727326837e+00 -9.999990638247439056e-01 5.245755800853402206e-07 1.368338174811134511e-03 -6.607635947564085947e-04 -5.245771462214499081e-07 -9.999999999998625544e-01 -7.855520678390348621e-10 1.091999973600062956e+00 0.000000000000000000e+00 0.000000000000000000e+00 0.000000000000000000e+00 1.000000000000000000e+00
1.370184756123826730e-03 -6.473512836890904509e-10 9.999990612964264614e-01 -2.059645121207316798e+00 -9.999990612964216874e-01 -9.797742439587864283e-08 1.370184756123715708e-03 -5.648669016421719712e-04 9.797644534570437713e-08 -9.999999999999952260e-01 -7.815978975145299046e-10 1.091999973640014110e+00 0.000000000000000000e+00 0.000000000000000000e+00 0.000000000000000000e+00 1.000000000000000000e+00
1.372123960655224906e-03 -8.469909773545225562e-10 9.999990586374754020e-01 -1.990002482492669422e+00 -9.999990586374725154e-01 7.472356622351128408e-08 1.372123960655446950e-03 -4.684216148857878008e-04 -7.472465818336715415e-08 -9.999999999999973355e-01 -7.444602712070036432e-10 1.091999973524590439e+00 0.000000000000000000e+00 0.000000000000000000e+00 0.000000000000000000e+00 1.000000000000000000e+00
1.368228615564293094e-03 -1.435678520511629586e-09 9.999990639747897703e-01 -1.920359470970665727e+00 -9.999990639746980658e-01 4.282682495304612758e-07 1.368228615565014739e-03 -3.744418899223742243e-04 -4.282698131685691578e-07 -9.999999999999085176e-01 -8.497085257630487831e-10 1.091999973692503900e+00 0.000000000000000000e+00 0.000000000000000000e+00 0.000000000000000000e+00 1.000000000000000000e+00
1.371331376748718966e-03 -4.411883636201707759e-10 9.999990597246855017e-01 -1.850720010316250663e+00 -9.999990597246573021e-01 -2.378326453555956732e-07 1.371331376748607944e-03 -2.781037053825667323e-04 2.378318167406412442e-07 -9.999999999999716893e-01 -7.673353064063803686e-10 1.091999973634712795e+00 0.000000000000000000e+00 0.000000000000000000e+00 0.000000000000000000e+00 1.000000000000000000e+00
1.371818307480232590e-03 -6.376799643881270185e-10 9.999990590568230697e-01 -1.781078370677037448e+00 -9.999990590568090809e-01 -1.674190481804060937e-07 1.371818307480121568e-03 -1.817930919327403637e-04 1.674180158395266460e-07 -9.999999999999861222e-01 -8.673479712228981953e-10 1.091999973735269913e+00 0.000000000000000000e+00 0.000000000000000000e+00 0.000000000000000000e+00 1.000000000000000000e+00
1.368515260595226657e-03 -1.593551346434907146e-09 9.999990635825521945e-01 -1.713836152720298101e+00 -9.999990635823923224e-01 5.655774014678982553e-07 1.368515260595781768e-03 -9.147900946018130519e-05 -5.655790524805581754e-07 -9.999999999998399058e-01 -8.195484291206867056e-10 1.091999973592060247e+00 0.000000000000000000e+00 0.000000000000000000e+00 0.000000000000000000e+00 1.000000000000000000e+00
1.346119860640038191e-03 -4.839946221579793928e-10 9.999990939802501089e-01 -1.646530966951205377e+00 -9.999990939802223533e-01 -2.352914183489929201e-07 1.346119860639982679e-03 -1.200652596575359611e-06 2.352905536517901908e-07 -9.999999999999724665e-01 -8.007248197827721015e-10 1.091999973736388352e+00 0.000000000000000000e+00 0.000000000000000000e+00 0.000000000000000000e+00 1.000000000000000000e+00
1.580681379860671143e-03 -2.818882904875863460e-10 9.999987507224074035e-01 -1.589766095686857117e+00 -9.999987507223415673e-01 -3.629549105710339063e-07 1.580681379860560121e-03 1.123385229404926064e-04 3.629540114014062624e-07 -9.999999999999341638e-01 -8.556040320684132894e-10 1.091999973611130770e+00 0.000000000000000000e+00 0.000000000000000000e+00 0.000000000000000000e+00 1.000000000000000000e+00
1.625909689568993954e-03 -1.174746966370321388e-09 9.999986782079670622e-01 -1.529557126870929595e+00 -9.999986782079453018e-01 2.085438719490184667e-07 1.625909689569271510e-03 2.131189340867768007e-04 -2.085455063083330174e-07 -9.999999999999782396e-01 -8.356719760627129290e-10 1.091999973597800544e+00 0.000000000000000000e+00 0.000000000000000000e+00 0.000000000000000000e+00 1.000000000000000000e+00
1.627485097779324263e-03 -8.892203084975847105e-10 9.999986756452512449e-01 -1.467508967836584688e+00 -9.999986756452501346e-01 4.725097113578158314e-08 1.627485097779213241e-03 3.138782418236706452e-04 -4.725235563940444194e-08 -9.999999999999987788e-01 -8.123188788289326112e-10 1.091999973641161414e+00 0.000000000000000000e+00 0.000000000000000000e+00 0.000000000000000000e+00 1.000000000000000000e+00
1.632013343936589145e-03 -2.167317991741413152e-10 9.999986682653357883e-01 -1.405455848498897042e+00 -9.999986682652626246e-01 -3.824019689790958410e-07 1.632013343936367100e-03 4.167269721408303675e-04 3.824011061137611023e-07 -9.999999999999268363e-01 -8.408165275142209794e-10 1.091999973570087379e+00 0.000000000000000000e+00 0.000000000000000000e+00 0.000000000000000000e+00 1.000000000000000000e+00
1.628256132823913127e-03 -9.076689955200833992e-10 9.999986743901043695e-01 -1.343407087403561739e+00 -9.999986743901030373e-01 4.978574641434363457e-08 1.628256132823913127e-03 5.168346053760686969e-04 -4.978715828496405038e-08 -9.999999999999987788e-01 -8.266036743975746504e-10 1.091999973617309383e+00 0.000000000000000000e+00 0.000000000000000000e+00 0.000000000000000000e+00 1.000000000000000000e+00
1.627426550758870327e-03 -1.343551991883629171e-09 9.999986757405341375e-01 -1.281356662860150930e+00 -9.999986757404888404e-01 3.009412257171106830e-07 1.627426550759203394e-03 6.167020162697791491e-04 -3.009430137312918419e-07 -9.999999999999547029e-01 -8.537903717353856337e-10 1.091999973618735797e+00 0.000000000000000000e+00 0.000000000000000000e+00 0.000000000000000000e+00 1.000000000000000000e+00
1.632952745650007031e-03 -1.754187906044535339e-10 9.999986667317765088e-01 -1.219304434669751025e+00 -9.999986667317017908e-01 -3.866274400632363495e-07 1.632952745649840498e-03 7.197363128569523759e-04 3.866266379271010578e-07 -9.999999999999253930e-01 -8.067631007691034029e-10 1.091999973572873150e+00 0.000000000000000000e+00 0.000000000000000000e+00 0.000000000000000000e+00 1.000000000000000000e+00
1.629572247827226761e-03 -9.085645569228972818e-10 9.999986722462630429e-01 -1.157256647585322540e+00 -9.999986722462602673e-01 7.567129567398467316e-08 1.629572247827337783e-03 8.203548931100272581e-04 -7.567267584773773592e-08 -9.999999999999972244e-01 -7.852514194439663697e-10 1.091999973643397404e+00 0.000000000000000000e+00 0.000000000000000000e+00 0.000000000000000000e+00 1.000000000000000000e+00
1.626559100309732386e-03 -1.521458681263965218e-09 9.999986771518717399e-01 -1.097343436328798827e+00 -9.999986771517834772e-01 4.199295355888921222e-07 1.626559100310176476e-03 9.163637875665756570e-04 -4.199314548314347917e-07 -9.999999999999118483e-01 -8.384164473795863159e-10 1.091999973605763063e+00 0.000000000000000000e+00 0.000000000000000000e+00 0.000000000000000000e+00 1.000000000000000000e+00
2.012802193424367836e-03 -4.600670400201067878e-10 9.999979743116134134e-01 -1.038917847258240101e+00 -9.999979743115952058e-01 1.915305509747611268e-07 2.012802193424534369e-03 1.053292073867896769e-03 -1.915310891553723138e-07 -9.999999999999817923e-01 -7.455325246041866194e-11 1.091999973576523564e+00 0.000000000000000000e+00 0.000000000000000000e+00 0.000000000000000000e+00 1.000000000000000000e+00
2.493183721763769789e-03 1.915193559298700166e-10 9.999968920126347527e-01 -1.004225456698464525e+00 -9.999968920125582583e-01 -3.912282251494758611e-07 2.493183721763492233e-03 1.183046470242801827e-03 3.912274869066756366e-07 -9.999999999999233946e-01 -7.838849569452577271e-10 1.091999973605960461e+00 0.000000000000000000e+00 0.000000000000000000e+00 0.000000000000000000e+00 1.000000000000000000e+00
2.484590546390941235e-03 -5.687922355335217617e-11 9.999969134001447379e-01 -9.801919351573411543e-01 -9.999969134000936677e-01 -3.196968145768863678e-07 2.484590546390830212e-03 1.242531983160764450e-03 3.196956864237598950e-07 -9.999999999999489297e-01 -8.511946703038120177e-10 1.091999973618423381e+00 0.000000000000000000e+00 0.000000000000000000e+00 0.000000000000000000e+00 1.000000000000000000e+00
2.482991533016676300e-03 -8.645769655757362671e-10 9.999969173717722093e-01 -9.561555095137972415e-01 -9.999969173717716542e-01 3.172716811494780131e-08 2.482991533016565278e-03 1.301717385464546111e-03 -3.172921708705089827e-08 -9.999999999999994449e-01 -7.857960948598474715e-10 1.091999973643458022e+00 0.000000000000000000e+00 0.000000000000000000e+00 0.000000000000000000e+00 1.000000000000000000e+00
2.479981909143003094e-03 -1.935865134861103343e-09 9.999969248401368027e-01 -9.321121437314490166e-01 -9.999969248400260025e-01 4.706254739250681496e-07 2.479981909143502694e-03 1.359911951243338545e-03 -4.706288275202474836e-07 -9.999999999998891997e-01 -7.687164238490140633e-10 1.091999973612817865e+00 0.000000000000000000e+00 0.000000000000000000e+00 0.000000000000000000e+00 1.000000000000000000e+00
2.488754679371929512e-03 -2.104817431458627652e-09 9.999969030452775520e-01 -9.071717392830587201e-01 -9.999969030451452134e-01 5.143152984610210865e-07 2.488754679372873202e-03 1.421862311502824702e-03 -5.143189441558781994e-07 -9.999999999998678835e-01 -8.248064453653114469e-10 1.091999973595095819e+00 0.000000000000000000e+00 0.000000000000000000e+00 0.000000000000000000e+00 1.000000000000000000e+00
2.494434786907584467e-03 -1.199652266414830137e-09 9.999968888927073252e-01 -8.780890923233858336e-01 -9.999968888926976662e-01 1.391035355791103711e-07 2.494434786907751000e-03 1.494690056340336384e-03 -1.391060951427824932e-07 -9.999999999999902300e-01 -8.526637174099960248e-10 1.091999973597836737e+00 0.000000000000000000e+00 0.000000000000000000e+00 0.000000000000000000e+00 1.000000000000000000e+00
2.497644014248234789e-03 -2.798931642011837084e-10 9.999968808823246347e-01 -8.500061855956007051e-01 -9.999968808823049837e-01 -1.978211496833637284e-07 2.497644014248179278e-03 1.565500259736776409e-03 1.978198335139680353e-07 -9.999999999999804601e-01 -7.739791030303422303e-10 1.091999973638474009e+00 0.000000000000000000e+00 0.000000000000000000e+00 0.000000000000000000e+00 1.000000000000000000e+00
2.505266048920540278e-03 4.284437249424399852e-10 9.999968618160879341e-01 -8.199110862067624517e-01 -9.999968618159695843e-01 -4.866754388377358964e-07 2.505266048920484767e-03 1.642648789238072057e-03 4.866749848120299760e-07 -9.999999999998816502e-01 -7.908091959052399034e-10 1.091999973600752183e+00 0.000000000000000000e+00 0.000000000000000000e+00 0.000000000000000000e+00 1.000000000000000000e+00
2.501725699632584288e-03 2.881345162464299392e-11 9.999968706793656015e-01 -7.918281034381883243e-01 -9.999968706792987660e-01 -3.653943081438626450e-07 2.501725699632417754e-03 1.713213846902226188e-03 3.653932367786438817e-07 -9.999999999999331646e-01 -8.853029420663460769e-10 1.091999973704262716e+00 0.000000000000000000e+00 0.000000000000000000e+00 0.000000000000000000e+00 1.000000000000000000e+00
2.496238083264490371e-03 -5.489398935409894875e-10 9.999968843928623841e-01 -7.627452846812816656e-01 -9.999968843928569440e-01 -1.042604531598101403e-07 2.496238083264490371e-03 1.785307335824516065e-03 1.042587581268072938e-07 -9.999999999999946709e-01 -8.091971537282915961e-10 1.091999973642023836e+00 0.000000000000000000e+00 0.000000000000000000e+00 0.000000000000000000e+00 1.000000000000000000e+00
2.494670343516913746e-03 -1.522929005126627544e-09 9.999968883050973645e-01 -7.336547522673426691e-01 -9.999968883050557311e-01 2.885664889262784527e-07 2.494670343517413347e-03 1.856718443953053830e-03 -2.885693903831310081e-07 -9.999999999999584777e-01 -8.030460740826583788e-10 1.091999973721254236e+00 0.000000000000000000e+00 0.000000000000000000e+00 0.000000000000000000e+00 1.000000000000000000e+00
2.491143035896703495e-03 -2.107855001654002081e-09 9.999968970983732497e-01 -7.045647329943998116e-01 -9.999968970982412442e-01 5.138899964451937308e-07 2.491143035897425140e-03 1.927827938709101782e-03 -5.138936527981918800e-07 -9.999999999998678835e-01 -8.276748175717330014e-10 1.091999973596106566e+00 0.000000000000000000e+00 0.000000000000000000e+00 0.000000000000000000e+00 1.000000000000000000e+00
2.497033304671658627e-03 -1.605646782198988376e-09 9.999968824074780827e-01 -6.754822908095435841e-01 -9.999968824074321194e-01 3.027405546252026625e-07 2.497033304672102716e-03 2.000589669720312293e-03 -3.027436202285294087e-07 -9.999999999999542588e-01 -8.496885417486055303e-10 1.091999973621834874e+00 0.000000000000000000e+00 0.000000000000000000e+00 0.000000000000000000e+00 1.000000000000000000e+00
2.500472182406454635e-03 -3.644470836228208555e-10 9.999968738145460501e-01 -6.463957713510358749e-01 -9.999968738145310621e-01 -1.728138852019611704e-07 2.500472182406454635e-03 2.074242781243626228e-03 1.728124335853564730e-07 -9.999999999999851230e-01 -7.965623716188474646e-10 1.091999973749212982e+00 0.000000000000000000e+00 0.000000000000000000e+00 0.000000000000000000e+00 1.000000000000000000e+00
2.507726828518186402e-03 2.230469697828141307e-10 9.999968556481333426e-01 -6.173038516464959269e-01 -9.999968556480440807e-01 -4.226618881553179108e-07 2.507726828518075379e-03 2.148874968320966649e-03 4.226611183266726357e-07 -9.999999999999107381e-01 -8.368743475983819735e-10 1.091999973697582726e+00 0.000000000000000000e+00 0.000000000000000000e+00 0.000000000000000000e+00 1.000000000000000000e+00
2.503257654938306764e-03 1.720878994859731392e-11 9.999968668456482579e-01 -5.882184701976346242e-01 -9.999968668455826437e-01 -3.622037167971825511e-07 2.503257654938195742e-03 2.221969043575310315e-03 3.622026250038601347e-07 -9.999999999999344968e-01 -8.894804892634056159e-10 1.091999973705662264e+00 0.000000000000000000e+00 0.000000000000000000e+00 0.000000000000000000e+00 1.000000000000000000e+00
2.498600441438569852e-03 -7.514678879161351688e-10 9.999968784930450827e-01 -5.591352564810386783e-01 -9.999968784930449717e-01 -1.944730732006405560e-08 2.498600441438625364e-03 2.294076778501390884e-03 1.944536903719651377e-08 -9.999999999999997780e-01 -8.000566875665526823e-10 1.091999973644080857e+00 0.000000000000000000e+00 0.000000000000000000e+00 0.000000000000000000e+00 1.000000000000000000e+00
2.496322118117566546e-03 -1.726113196820477924e-09 9.999968841830872979e-01 -5.300441541320045635e-01 -9.999968841830113586e-01 3.894309343888124886e-07 2.496322118118232680e-03 2.365393219173977501e-03 -3.894340299681608997e-07 -9.999999999999242828e-01 -7.539626700747703580e-10 1.091999973622588271e+00 0.000000000000000000e+00 0.000000000000000000e+00 0.000000000000000000e+00 1.000000000000000000e+00
2.493577780604105953e-03 -1.937066895774108843e-09 9.999968910300931491e-01 -5.009548244194149680e-01 -9.999968910300021108e-01 4.266113222683998174e-07 2.493577780604716576e-03 2.436842849519432492e-03 -4.266148261322655344e-07 -9.999999999999089617e-01 -8.732723433269029556e-10 1.091999973693770887e+00 0.000000000000000000e+00 0.000000000000000000e+00 0.000000000000000000e+00 1.000000000000000000e+00
2.499709825761198267e-03 -1.332549681709593870e-09 9.999968757205127678e-01 -4.718726284021499962e-01 -9.999968757204937830e-01 1.952452299835982785e-07 2.499709825761253779e-03 2.509784745691094089e-03 -1.952479509181870299e-07 -9.999999999999806821e-01 -8.444889232350760722e-10 1.091999973624166786e+00 0.000000000000000000e+00 0.000000000000000000e+00 0.000000000000000000e+00 1.000000000000000000e+00
2.503283982452586542e-03 -2.105097762772345504e-10 9.999968667797431987e-01 -4.427853025194480319e-01 -9.999968667797183297e-01 -2.229987208224315509e-07 2.503283982452697565e-03 2.583546869576097693e-03 2.229974951917235160e-07 -9.999999999999752420e-01 -7.687384062649016414e-10 1.091999973632754140e+00 0.000000000000000000e+00 0.000000000000000000e+00 0.000000000000000000e+00 1.000000000000000000e+00
2.510106670155609621e-03 3.782928414963748764e-10 9.999968496772899673e-01 -4.136935656379018278e-01 -9.999968496771821647e-01 -4.643768083401056401e-07 2.510106670155554109e-03 2.658214683313321614e-03 4.643762948619567510e-07 -9.999999999998920863e-01 -7.873437457561749397e-10 1.091999973605709551e+00 0.000000000000000000e+00 0.000000000000000000e+00 0.000000000000000000e+00 1.000000000000000000e+00
2.504948680557061991e-03 -1.635919177900291288e-10 9.999968626111324088e-01 -3.856116782589772973e-01 -9.999968626110938841e-01 -2.772730065547790446e-07 2.504948680557006480e-03 2.728598436929998740e-03 2.772717268562097104e-07 -9.999999999999615863e-01 -8.581462207501999728e-10 1.091999973582451711e+00 0.000000000000000000e+00 0.000000000000000000e+00 0.000000000000000000e+00 1.000000000000000000e+00
2.500904241524048999e-03 -8.720748567725422618e-10 9.999968727340974306e-01 -3.565281757025219322e-01 -9.999968727340968755e-01 3.159982331357724661e-08 2.500904241523937976e-03 2.800838167216677076e-03 -3.160190542583762863e-08 -9.999999999999994449e-01 -7.930440748538103435e-10 1.091999973646395894e+00 0.000000000000000000e+00 0.000000000000000000e+00 0.000000000000000000e+00 1.000000000000000000e+00
2.498171167978235907e-03 -1.510963743012183613e-09 9.999968795655391762e-01 -3.274367806764693634e-01 -9.999968795654965437e-01 2.922941669813994281e-07 2.498171167978513463e-03 2.872291199802769288e-03 -2.922970294694238191e-07 -9.999999999999571454e-01 -7.807581248187034362e-10 1.091999973587764572e+00 0.000000000000000000e+00 0.000000000000000000e+00 0.000000000000000000e+00 1.000000000000000000e+00
2.495964149103135910e-03 -2.198888460203107797e-09 9.999968850766318695e-01 -2.983478932454084465e-01 -9.999968850764835437e-01 5.444778483632006782e-07 2.495964149103913066e-03 2.943636509170242770e-03 -5.444816408295416466e-07 -9.999999999998517852e-01 -8.398843842627456979e-10 1.091999973592365558e+00 0.000000000000000000e+00 0.000000000000000000e+00 0.000000000000000000e+00 1.000000000000000000e+00
2.502136125870801919e-03 -7.662608880742993733e-10 9.999968696525043388e-01 -2.692657843088587799e-01 -9.999968696525030065e-01 -5.400939628863454800e-08 2.502136125870968453e-03 3.017035864256520893e-03 5.400730979099321871e-08 -9.999999999999986677e-01 -9.013974011651271212e-10 1.091999973619450781e+00 0.000000000000000000e+00 0.000000000000000000e+00 0.000000000000000000e+00 1.000000000000000000e+00
2.505893500053923972e-03 -9.409351076072880460e-11 9.999968602439541776e-01 -2.401779677290945547e-01 -9.999968602439180954e-01 -2.683741906484016226e-07 2.505893500053757439e-03 3.090741869640345994e-03 2.683731123442889555e-07 -9.999999999999640288e-01 -7.666103307713001414e-10 1.091999973631423426e+00 0.000000000000000000e+00 0.000000000000000000e+00 0.000000000000000000e+00 1.000000000000000000e+00
2.512357775882767541e-03 6.084547865548017853e-10 9.999968440242228418e-01 -2.110863951384039927e-01 -9.999968440240643019e-01 -5.630191102223847111e-07 2.512357775882545496e-03 3.165500735858669916e-03 5.630188620875387073e-07 -9.999999999998414602e-01 -8.060525580333433027e-10 1.091999973593681172e+00 0.000000000000000000e+00 0.000000000000000000e+00 0.000000000000000000e+00 1.000000000000000000e+00
2.506379848108863939e-03 1.708143626544256222e-10 9.999968590250957190e-01 -1.820020735897854847e-01 -9.999968590250118972e-01 -4.094222383344003902e-07 2.506379848108697406e-03 3.238410589931617171e-03 4.094213803540469598e-07 -9.999999999999162892e-01 -8.553540098432677041e-10 1.091999973609228514e+00 0.000000000000000000e+00 0.000000000000000000e+00 0.000000000000000000e+00 1.000000000000000000e+00
2.503269124505047571e-03 -1.078650890828924958e-09 9.999968668169365582e-01 -1.529180093105511062e-01 -9.999968668169298969e-01 1.160164436742050498e-07 2.503269124504881038e-03 3.310505231223530818e-03 -1.160187801385603734e-07 -9.999999999999931166e-01 -7.882270391945667143e-10 1.091999973643660304e+00 0.000000000000000000e+00 0.000000000000000000e+00 0.000000000000000000e+00 1.000000000000000000e+00
2.499836555475587474e-03 -1.998399334901534985e-09 9.999968754037165120e-01 -1.238262208524373575e-01 -9.999968754035964968e-01 4.897925051094986770e-07 2.499836555476309119e-03 3.381780742553144870e-03 -4.897959703931142883e-07 -9.999999999998800959e-01 -7.739917595728229571e-10 1.091999973607559626e+00 0.000000000000000000e+00 0.000000000000000000e+00 0.000000000000000000e+00 1.000000000000000000e+00
2.498557884934360374e-03 -2.025774548108927320e-09 9.999968785993762488e-01 -9.473809463671525877e-02 -9.999968785992642273e-01 4.733066623074932977e-07 2.498557884935082019e-03 3.453572504241431834e-03 -4.733102463294613926e-07 -9.999999999998880895e-01 -8.431841891365365882e-10 1.091999973597813645e+00 0.000000000000000000e+00 0.000000000000000000e+00 0.000000000000000000e+00 1.000000000000000000e+00
2.714108176486762503e-03 -1.258638582246618398e-09 9.999963168016203774e-01 -6.381657993975353715e-02 -9.999963168016077208e-01 1.587711861983365225e-07 2.714108176487151081e-03 3.553898716444198885e-03 -1.587740176001162240e-07 -9.999999999999875655e-01 -8.277118990207554816e-10 1.091999973634487420e+00 0.000000000000000000e+00 0.000000000000000000e+00 0.000000000000000000e+00 1.000000000000000000e+00
2.719506232409241164e-03 2.305399759983117747e-10 9.999963021360886994e-01 -2.861824855254101185e-02 -9.999963021360229742e-01 -3.624175457517253562e-07 2.719506232409074631e-03 3.651103242512809040e-03 3.624168325444543370e-07 -9.999999999999342748e-01 -7.550575720216556874e-10 1.091999973621519793e+00 0.000000000000000000e+00 0.000000000000000000e+00 0.000000000000000000e+00 1.000000000000000000e+00
2.720576717493261576e-03 3.113542756949527757e-10 9.999962992243142113e-01 6.578913062248836763e-03 -9.999962992242256155e-01 -4.209394819376655050e-07 2.720576717493150554e-03 3.747833278812804769e-03 4.209387713949297449e-07 -9.999999999999114042e-01 -8.338449930533897714e-10 1.091999973604520280e+00 0.000000000000000000e+00 0.000000000000000000e+00 0.000000000000000000e+00 1.000000000000000000e+00
2.714856017692279799e-03 -8.134437567974828198e-10 9.999963147716111056e-01 4.177031848030061945e-02 -9.999963147716111056e-01 2.924618547339719044e-09 2.714856017692224288e-03 3.842744934208747621e-03 -2.926816067283510847e-09 -1.000000000000000000e+00 -8.055007771901045999e-10 1.091999973644260713e+00 0.000000000000000000e+00 0.000000000000000000e+00 0.000000000000000000e+00 1.000000000000000000e+00
2.713469687041114575e-03 -1.877042243858539905e-09 9.999963185343521133e-01 7.706301322312879287e-02 -9.999963185342672922e-01 4.117334737596678451e-07 2.713469687041614176e-03 3.937428132711941892e-03 -4.117370513423423972e-07 -9.999999999999151790e-01 -7.598091045224464324e-10 1.091999973616814223e+00 0.000000000000000000e+00 0.000000000000000000e+00 0.000000000000000000e+00 1.000000000000000000e+00
2.715536477637670032e-03 -1.280125061509096440e-09 9.999963129240219128e-01 1.186841981456228656e-01 -9.999963129240130311e-01 1.335338573049682509e-07 2.715536477637781054e-03 4.050280852958739949e-03 -1.335368410848580822e-07 -9.999999999999910072e-01 -9.175042947617839673e-10 1.091999973597844509e+00 0.000000000000000000e+00 0.000000000000000000e+00 0.000000000000000000e+00 1.000000000000000000e+00
2.719953212082293348e-03 -1.102726798762887483e-10 9.999963009204204667e-01 1.612698998645111514e-01 -9.999963009203911568e-01 -2.423214333635570483e-07 2.719953212082293348e-03 4.166976701976198710e-03 2.423202370427368635e-07 -9.999999999999706901e-01 -7.693752301918266312e-10 1.091999973628127840e+00 0.000000000000000000e+00 0.000000000000000000e+00 0.000000000000000000e+00 1.000000000000000000e+00
2.724039845551140537e-03 5.018651050292533000e-10 9.999962897965772868e-01 2.038599094851101801e-01 -9.999962897964566055e-01 -4.912119790922986340e-07 2.724039845551196048e-03 4.284466676460036219e-03 4.912115235677916303e-07 -9.999999999998794298e-01 -8.362177617016186559e-10 1.091999973596644580e+00 0.000000000000000000e+00 0.000000000000000000e+00 0.000000000000000000e+00 1.000000000000000000e+00
2.719078224399762433e-03 -7.200984808442001395e-10 9.999963032999719115e-01 2.464431299887361315e-01 -9.999963032999714674e-01 -2.894079997872722743e-08 2.719078224399595900e-03 4.399590303780379422e-03 2.893873518594602956e-08 -9.999999999999995559e-01 -7.987881467386159784e-10 1.091999973768038812e+00 0.000000000000000000e+00 0.000000000000000000e+00 0.000000000000000000e+00 1.000000000000000000e+00
2.715284091806657862e-03 -2.303146395821187298e-09 9.999963136093559246e-01 2.890344511066700317e-01 -9.999963136092020477e-01 5.544183798722457368e-07 2.715284091807712574e-03 4.513517377874943885e-03 -5.544225898934662666e-07 -9.999999999998465672e-01 -7.977347671328516299e-10 1.091999973596385676e+00 0.000000000000000000e+00 0.000000000000000000e+00 0.000000000000000000e+00 1.000000000000000000e+00
2.718966746998674466e-03 -1.575135688547391055e-09 9.999963036030825592e-01 3.316182484922903795e-01 -9.999963036030466990e-01 2.681805171267370724e-07 2.718966746998952022e-03 4.629287968916115902e-03 -2.681838085494270274e-07 -9.999999999999640288e-01 -8.459559719398157540e-10 1.091999973624727227e+00 0.000000000000000000e+00 0.000000000000000000e+00 0.000000000000000000e+00 1.000000000000000000e+00
2.724288118610918019e-03 2.779093066784810162e-10 9.999962891202380799e-01 3.742069956995299207e-01 -9.999962891201663595e-01 -3.786921192183712037e-07 2.724288118610751486e-03 4.746839780792752594e-03 3.786914710701694275e-07 -9.999999999999282796e-01 -7.537581669936344042e-10 1.091999973621892606e+00 0.000000000000000000e+00 0.000000000000000000e+00 0.000000000000000000e+00 1.000000000000000000e+00
2.636597203166335390e-03 -2.634678253343736287e-09 9.999965241715536024e-01 4.168735388076184600e-01 -9.999965241715261799e-01 -2.341189526688935985e-07 2.636597203165780279e-03 4.855244610166800645e-03 2.341111922099514686e-07 -9.999999999999727995e-01 -3.251946711912978571e-09 1.091999973377658417e+00 0.000000000000000000e+00 0.000000000000000000e+00 0.000000000000000000e+00 1.000000000000000000e+00
2.472703129941078437e-03 -1.626316137315342303e-09 9.999969428649424508e-01 4.697615408983995544e-01 -9.999969428648869396e-01 3.331755853430706793e-07 2.472703129941467015e-03 4.970690091062560968e-03 -3.331785881077742317e-07 -9.999999999999444888e-01 -8.024667597084089721e-10 1.091999973724018469e+00 0.000000000000000000e+00 0.000000000000000000e+00 0.000000000000000000e+00 1.000000000000000000e+00
2.472318630822423202e-03 -1.731595644649530641e-09 9.999969438156236512e-01 5.264452623929766206e-01 -9.999969438155610346e-01 3.539159341148234716e-07 2.472318630822756269e-03 5.110012185641007489e-03 -3.539191334445135340e-07 -9.999999999999372724e-01 -8.565972375862429544e-10 1.091999973613603236e+00 0.000000000000000000e+00 0.000000000000000000e+00 0.000000000000000000e+00 1.000000000000000000e+00
2.477808150856519731e-03 2.217575012508632426e-10 9.999969302286721984e-01 5.811757732172405655e-01 -9.999969302285933725e-01 -3.968525512654252907e-07 2.477808150856519731e-03 5.247274953562201111e-03 3.968518823005418028e-07 -9.999999999999213962e-01 -7.615676977934526803e-10 1.091999973615811026e+00 0.000000000000000000e+00 0.000000000000000000e+00 0.000000000000000000e+00 1.000000000000000000e+00
2.474643035893175913e-03 -5.622851628750424879e-10 9.999969380662346863e-01 6.378576015686728828e-01 -9.999969380662281360e-01 -1.143225865085639725e-07 2.474643035893009380e-03 5.387604505182904020e-03 1.143208451237498480e-07 -9.999999999999933387e-01 -8.451910282758490212e-10 1.091999973751470732e+00 0.000000000000000000e+00 0.000000000000000000e+00 0.000000000000000000e+00 1.000000000000000000e+00
2.471451407408231660e-03 -2.198064008585021156e-09 9.999969459593067711e-01 6.945445231474544068e-01 -9.999969459591484533e-01 5.626900009270130454e-07 2.471451407409064327e-03 5.526012630301516994e-03 -5.626937147895638702e-07 -9.999999999998416822e-01 -8.073963719823495921e-10 1.091999973593759554e+00 0.000000000000000000e+00 0.000000000000000000e+00 0.000000000000000000e+00 1.000000000000000000e+00
2.474815009499309326e-03 -5.440422556901580720e-10 9.999969376406453447e-01 7.512252301219761730e-01 -9.999969376406403487e-01 -9.996855698801709877e-08 2.474815009499198304e-03 5.666912309358025819e-03 9.996690442104494423e-08 -9.999999999999950040e-01 -7.914442434753254929e-10 1.091999973642198807e+00 0.000000000000000000e+00 0.000000000000000000e+00 0.000000000000000000e+00 1.000000000000000000e+00
2.479396517209409012e-03 5.332984609474067383e-10 9.999969262917314250e-01 8.079120360779606935e-01 -9.999969262915782142e-01 -5.535668878842159302e-07 2.479396517209353501e-03 5.809166064991577380e-03 5.535665086320307182e-07 -9.999999999998467892e-01 -8.392149197788967285e-10 1.091999973594068640e+00 0.000000000000000000e+00 0.000000000000000000e+00 0.000000000000000000e+00 1.000000000000000000e+00
2.475848413278858295e-03 -1.423922091348117647e-09 9.999969350826204417e-01 8.645938626075609923e-01 -9.999969350825852477e-01 2.651601533898428897e-07 2.475848413279191362e-03 5.948236241692586926e-03 -2.651628661087812588e-07 -9.999999999999649170e-01 -7.674212376684863557e-10 1.091999973630518150e+00 0.000000000000000000e+00 0.000000000000000000e+00 0.000000000000000000e+00 1.000000000000000000e+00
2.473958950445775962e-03 -1.898947055156696706e-09 9.999969397588733822e-01 9.212790461603372894e-01 -9.999969397587848974e-01 4.205116882483039831e-07 2.473958950446497607e-03 6.087303419151961041e-03 -4.205150994085471439e-07 -9.999999999999116262e-01 -8.586127364651474636e-10 1.091999973603512641e+00 0.000000000000000000e+00 0.000000000000000000e+00 0.000000000000000000e+00 1.000000000000000000e+00
2.479445691649595496e-03 1.549106953824264110e-10 9.999969261698070655e-01 9.779629521418762295e-01 -9.999969261697394529e-01 -3.675966306904143721e-07 2.479445691649595496e-03 6.229434821604090157e-03 3.675958846205418240e-07 -9.999999999999326095e-01 -7.565259529940249195e-10 1.091999973619956599e+00 0.000000000000000000e+00 0.000000000000000000e+00 0.000000000000000000e+00 1.000000000000000000e+00
2.477332818600297415e-03 -1.536951677039155584e-10 9.999969314063448245e-01 1.034645632807106752e+00 -9.999969314063058556e-01 -2.789231554611859565e-07 2.477332818600130881e-03 6.370299015954005752e-03 2.789219187282476753e-07 -9.999999999999611422e-01 -8.446801036399165241e-10 1.091999973625397136e+00 0.000000000000000000e+00 0.000000000000000000e+00 0.000000000000000000e+00 1.000000000000000000e+00
2.474369126009623443e-03 -1.970377860871508346e-09 9.999969387440285074e-01 1.089377250803475361e+00 -9.999969387439143764e-01 4.777017630352986544e-07 2.474369126010289577e-03 6.504066919716821986e-03 -4.777051760829209570e-07 -9.999999999998858691e-01 -7.883613761805463582e-10 1.091999973601348817e+00 0.000000000000000000e+00 0.000000000000000000e+00 0.000000000000000000e+00 1.000000000000000000e+00
4.792803146559299066e-02 -3.340160353859644715e-08 9.988507915598965337e-01 1.127580712152668418e+00 -9.988507915596671616e-01 6.770698210978309817e-07 4.792803146560470351e-02 1.114293332102698694e-02 -6.778925998318641177e-07 -9.999999999997701838e-01 -9.125944444576816750e-10 1.091999973557822079e+00 0.000000000000000000e+00 0.000000000000000000e+00 0.000000000000000000e+00 1.000000000000000000e+00
1.881408549988106138e-01 -7.053900064057927466e-08 9.821420562628970785e-01 1.125927215580381002e+00 -9.821420562628297990e-01 3.638291434793217149e-07 1.881408549988240475e-01 2.516679131274675990e-02 -3.706031712069624007e-07 -9.999999999999314992e-01 -8.281930696796280245e-10 1.091999973601735174e+00 0.000000000000000000e+00 0.000000000000000000e+00 0.000000000000000000e+00 1.000000000000000000e+00
3.024382111349629421e-01 -3.319026986581263827e-08 9.531689925954801579e-01 1.123615291779209491e+00 -9.531689925954747178e-01 1.019542927860328518e-07 3.024382111349647739e-01 3.673166539663866997e-02 -1.072176762928478411e-07 -9.999999999999942268e-01 -8.010621055376532240e-10 1.091999973591445849e+00 0.000000000000000000e+00 0.000000000000000000e+00 0.000000000000000000e+00 1.000000000000000000e+00
3.960269151512927355e-01 1.374852565128037440e-08 9.182389027239865609e-01 1.120125223138679793e+00 -9.182389027239858947e-01 -3.390928826618733183e-08 3.960269151512931241e-01 4.609156094934500902e-02 3.658161368269574609e-08 -9.999999999999993339e-01 -8.045597521544323172e-10 1.091999973586546213e+00 0.000000000000000000e+00 0.000000000000000000e+00 0.000000000000000000e+00 1.000000000000000000e+00
4.856547645301179106e-01 5.016756099429642290e-08 8.741507019325633898e-01 1.115718005998501017e+00 -8.741507019325585048e-01 -9.197720918230345433e-08 4.856547645301205196e-01 5.505511373238072825e-02 1.047660569963859700e-07 -9.999999999999944489e-01 -8.151610497719730120e-10 1.091999973591966544e+00 0.000000000000000000e+00 0.000000000000000000e+00 0.000000000000000000e+00 1.000000000000000000e+00
5.704255406381961713e-01 1.508406349270963176e-07 8.213493182486966138e-01 1.110437367982746171e+00 -8.213493182486675259e-01 -2.186505287937734465e-07 5.704255406382157112e-01 6.353225609743146096e-02 2.656318137117530398e-07 -9.999999999999644729e-01 -8.309932741923375943e-10 1.091999973593090534e+00 0.000000000000000000e+00 0.000000000000000000e+00 0.000000000000000000e+00 1.000000000000000000e+00
6.502129790957056343e-01 2.596254159992206212e-07 7.597519870427587030e-01 1.104150838409686974e+00 -7.597519870426976407e-01 -3.046618772817311083e-07 6.502129790957574818e-01 7.140943392563815773e-02 4.002792817203726372e-07 -9.999999999999199529e-01 -8.441811694126499788e-10 1.091999973592405304e+00 0.000000000000000000e+00 0.000000000000000000e+00 0.000000000000000000e+00 1.000000000000000000e+00
7.295940195630283842e-01 3.995102080267542988e-07 6.838805207181322121e-01 1.095525144702242271e+00 -6.838805207180290724e-01 -3.757085658140368878e-07 7.295940195631377412e-01 7.836337142671949418e-02 5.484200281680173816e-07 -9.999999999998495648e-01 -8.974736509514968930e-10 1.091999973377300037e+00 0.000000000000000000e+00 0.000000000000000000e+00 0.000000000000000000e+00 1.000000000000000000e+00
8.031028942390624481e-01 2.056266542038720502e-07 5.958403655886356232e-01 1.085421133943815564e+00 -5.958403655886157502e-01 -1.542215193328644318e-07 8.031028942390888714e-01 8.420425554825947123e-02 2.570307675586747109e-07 -9.999999999999670264e-01 -1.335087596032735746e-09 1.091999973496039056e+00 0.000000000000000000e+00 0.000000000000000000e+00 0.000000000000000000e+00 1.000000000000000000e+00
8.641584664185701925e-01 3.779138067483422958e-07 5.032197779469345100e-01 1.075204682595362060e+00 -5.032197779468836618e-01 -2.262761260585222090e-07 8.641584664186529041e-01 8.891831689311430198e-02 4.404440375194162982e-07 -9.999999999999030775e-01 -5.364728217216452322e-09 1.091999973262588686e+00 0.000000000000000000e+00 0.000000000000000000e+00 0.000000000000000000e+00 1.000000000000000000e+00
9.195808809048923171e-01 4.744862991956644294e-07 3.929007552473743337e-01 1.064058404776009770e+00 -3.929007552473220422e-01 -2.027021335226919518e-07 9.195808809050147747e-01 9.427963464095517887e-02 5.159703502788381968e-07 -9.999999999998669953e-01 2.501887585992790264e-11 1.091999973656246681e+00 0.000000000000000000e+00 0.000000000000000000e+00 0.000000000000000000e+00 1.000000000000000000e+00
9.583608823791431863e-01 1.283431705634274778e-07 2.855598345801692028e-01 1.053627087530671247e+00 -2.855598345801665383e-01 -3.905329393205647648e-08 9.583608823791517350e-01 9.893816276781476626e-02 1.341511263186490055e-07 -9.999999999999910072e-01 -7.774945132155153260e-10 1.091999973615292996e+00 0.000000000000000000e+00 0.000000000000000000e+00 0.000000000000000000e+00 1.000000000000000000e+00
9.848174596767362843e-01 -6.057155771121980337e-07 1.735931194359185969e-01 1.042709275565699478e+00 -1.735931194358862895e-01 1.059467399366909035e-07 9.848174596769224687e-01 1.027199929107235621e-01 -6.149109010172848500e-07 -9.999999999998109290e-01 -8.098572923387337141e-10 1.091999973724942397e+00 0.000000000000000000e+00 0.000000000000000000e+00 0.000000000000000000e+00 1.000000000000000000e+00
9.983114451551884372e-01 4.688951514633665774e-07 5.808836778511998478e-02 1.031316474390603810e+00 -5.808836778511226179e-02 -3.007878568439537048e-08 9.983114451552985713e-01 1.052743699049341897e-01 4.698506238520749889e-07 -9.999999999998896438e-01 -2.790642161798473353e-09 1.091999973350305631e+00 0.000000000000000000e+00 0.000000000000000000e+00 0.000000000000000000e+00 1.000000000000000000e+00
9.988175446493861021e-01 -1.192415888737197172e-07 -4.861596960420908053e-02 1.020678038661472886e+00 4.861596960420874053e-02 -5.773903133388103015e-09 9.988175446493932075e-01 1.059856035198081387e-01 -1.193812949155936831e-07 -9.999999999999928946e-01 2.996980441594132571e-11 1.091999973713136285e+00 0.000000000000000000e+00 0.000000000000000000e+00 0.000000000000000000e+00 1.000000000000000000e+00
9.889409155255618478e-01 -1.912732852105136772e-07 -1.483100320255746618e-01 1.010701213816993738e+00 1.483100320255718585e-01 -2.889025996211103120e-08 9.889409155255802775e-01 1.050763268916544702e-01 -1.934426931693433716e-07 -9.999999999999812372e-01 -2.030131618369068747e-10 1.091999973663520196e+00 0.000000000000000000e+00 0.000000000000000000e+00 0.000000000000000000e+00 1.000000000000000000e+00
9.691532559458533314e-01 -3.739055545459724073e-07 -2.464588535423539728e-01 1.000875950563223649e+00 2.464588535423354043e-01 -9.569440373446980175e-08 9.691532559459253848e-01 1.031495040342538944e-01 -3.859565186475899523e-07 -9.999999999999255040e-01 -5.902087707454484189e-10 1.091999973632941323e+00 0.000000000000000000e+00 0.000000000000000000e+00 0.000000000000000000e+00 1.000000000000000000e+00
9.396673144209074513e-01 -2.511352375222930533e-07 -3.420896639902124559e-01 9.913022545577421241e-01 3.420896639902001324e-01 -9.189267680120849491e-08 9.396673144209410911e-01 1.002377539274666995e-01 -2.674191090790145608e-07 -9.999999999999642508e-01 -4.377758155982292010e-10 1.091999973641748500e+00 0.000000000000000000e+00 0.000000000000000000e+00 0.000000000000000000e+00 1.000000000000000000e+00
9.007514155647877718e-01 -2.391391501488371318e-07 -4.343349943971516747e-01 9.820616196177367474e-01 4.343349943971361315e-01 -1.162119300790465104e-07 9.007514155648195242e-01 9.638457182432882964e-02 -2.658798360366532165e-07 -9.999999999999646949e-01 -8.115590421908791541e-10 1.091999973594724560e+00 0.000000000000000000e+00 0.000000000000000000e+00 0.000000000000000000e+00 1.000000000000000000e+00
8.529097953231092877e-01 2.994415637669334274e-07 -5.220583119171671171e-01 9.732879215068361844e-01 5.220583119171353648e-01 1.824565469821237684e-07 8.529097953231618012e-01 9.160260453080035226e-02 3.506495997451786195e-07 -9.999999999999386047e-01 -7.069811402971026837e-10 1.091999973527270740e+00 0.000000000000000000e+00 0.000000000000000000e+00 0.000000000000000000e+00 1.000000000000000000e+00
7.965614091046928635e-01 1.382314196440859178e-08 -6.045576246522293973e-01 9.650369367763563799e-01 6.045576246522292863e-01 9.481254670262728723e-09 7.965614091046929746e-01 8.597037081022315674e-02 1.674294625164662875e-08 -9.999999999999998890e-01 -8.044842569887578065e-10 1.091999973590862316e+00 0.000000000000000000e+00 0.000000000000000000e+00 0.000000000000000000e+00 1.000000000000000000e+00
7.322771104733012404e-01 5.456972596018516697e-08 -6.810067793178491424e-01 9.573912322970090649e-01 6.810067793178473661e-01 4.962960176158048853e-08 7.322771104733032388e-01 7.954269951876248579e-02 7.375825650246525811e-08 -9.999999999999973355e-01 -8.197318379643547814e-10 1.091999973590636053e+00 0.000000000000000000e+00 0.000000000000000000e+00 0.000000000000000000e+00 1.000000000000000000e+00
6.607021245481691230e-01 1.266271897892856657e-07 -7.506481883129536570e-01 9.504269183441453883e-01 7.506481883129401123e-01 1.426108736657383247e-07 6.607021245481812244e-01 7.238427737609870460e-02 1.907134473122518159e-07 -9.999999999999817923e-01 -8.291634046031504113e-10 1.091999973596670559e+00 0.000000000000000000e+00 0.000000000000000000e+00 0.000000000000000000e+00 1.000000000000000000e+00
5.837461334010355385e-01 -1.751600087196436561e-07 -8.119362362521516108e-01 9.445414141748424974e-01 8.119362362521168608e-01 -2.377565064826114849e-07 5.837461334010618508e-01 6.450378122293803917e-02 -2.952921008270159575e-07 -9.999999999999564793e-01 3.429316830505513281e-09 1.091999973942420432e+00 0.000000000000000000e+00 0.000000000000000000e+00 0.000000000000000000e+00 1.000000000000000000e+00
4.893991654950931025e-01 -2.167645821171682030e-07 -8.720598929045293435e-01 9.399582142425927378e-01 8.720598929044458547e-01 -3.817440286102424807e-07 4.893991654951410086e-01 5.413715214442912926e-02 -4.389880625121911351e-07 -9.999999999999034106e-01 2.206489324585447775e-09 1.091999973823630787e+00 0.000000000000000000e+00 0.000000000000000000e+00 0.000000000000000000e+00 1.000000000000000000e+00
3.871063851133090816e-01 -8.949342156228112799e-09 -9.220350571450665056e-01 9.366709146830547450e-01 9.220350571450660615e-01 -2.990708036776368317e-08 3.871063851133089706e-01 4.303286828154444937e-02 -3.103972401330423736e-08 -9.999999999999993339e-01 -3.325614450488956209e-09 1.091999973387844269e+00 0.000000000000000000e+00 0.000000000000000000e+00 0.000000000000000000e+00 1.000000000000000000e+00
2.738412402908292353e-01 -9.458887961777406872e-08 -9.617749087577462941e-01 9.340015745354390830e-01 9.617749087576877853e-01 -3.353312472142988554e-07 2.738412402908455556e-01 3.119902397478815578e-02 -3.484155158828272647e-07 -9.999999999999392708e-01 -8.543135088245890074e-10 1.091999973577710614e+00 0.000000000000000000e+00 0.000000000000000000e+00 0.000000000000000000e+00 1.000000000000000000e+00
1.337661096269151528e-01 1.419303941041505368e-08 -9.910129302462606926e-01 9.309306498445564237e-01 9.910129302462550305e-01 1.060312939671348431e-07 1.337661096269159855e-01 1.721544783794462519e-02 1.069769309802737212e-07 -9.999999999999942268e-01 1.179080166835433374e-10 1.091999973759950837e+00 0.000000000000000000e+00 0.000000000000000000e+00 0.000000000000000000e+00 1.000000000000000000e+00
2.725461192637235186e-02 -1.657978965230455515e-08 -9.996285240671871630e-01 9.298289237550104724e-01 9.996285240670649275e-01 -4.943312790217646580e-07 2.725461192637745889e-02 6.582526688240619012e-03 -4.945995223382126937e-07 -9.999999999998778755e-01 3.100823375845607188e-09 1.091999973873024388e+00 0.000000000000000000e+00 0.000000000000000000e+00 0.000000000000000000e+00 1.000000000000000000e+00
-1.000736701986091326e-01 6.161944121618745385e-09 -9.949800302181848188e-01 9.293718716975705174e-01 9.949800302181834866e-01 -5.322421126052745421e-08 -1.000736701986094102e-01 -6.157924345582150086e-03 -5.357367571789950489e-08 -9.999999999999986677e-01 -8.046692201446603576e-10 1.091999973580456196e+00 0.000000000000000000e+00 0.000000000000000000e+00 0.000000000000000000e+00 1.000000000000000000e+00
-2.197035235115785134e-01 7.821070657776374446e-08 -9.755666874983950354e-01 9.305214836293346226e-01 9.755666874983339731e-01 -3.451907546470067700e-07 -2.197035235115922802e-01 -1.824548283572315424e-02 -3.539397688823164856e-07 -9.999999999999373834e-01 -4.601350411803650786e-10 1.091999973419842229e+00 0.000000000000000000e+00 0.000000000000000000e+00 0.000000000000000000e+00 1.000000000000000000e+00
-3.174770597269298555e-01 -3.019428207462482305e-08 -9.482659524348338032e-01 9.327699419113599788e-01 9.482659524348305835e-01 7.905328835988711944e-08 -3.174770597269311878e-01 -2.813807211569598760e-02 8.454953376313412150e-08 -9.999999999999964473e-01 3.534604164912025226e-09 1.091999974166431242e+00 0.000000000000000000e+00 0.000000000000000000e+00 0.000000000000000000e+00 1.000000000000000000e+00
-4.107977868029424329e-01 9.809674239580346011e-08 -9.117264822071335928e-01 9.363443286294418355e-01 9.117264822071077246e-01 -2.169010411279259642e-07 -4.107977868029541457e-01 -3.750025124028569246e-02 -2.380523478895391065e-07 -9.999999999999715783e-01 -3.349300836674728998e-10 1.091999973667979296e+00 0.000000000000000000e+00 0.000000000000000000e+00 0.000000000000000000e+00 1.000000000000000000e+00
-4.998785187402836616e-01 7.109965372009696694e-08 -8.660955296628745081e-01 9.408606184516976612e-01 8.660955296628658484e-01 -1.223908530079143020e-07 -4.998785187402886576e-01 -4.643098387245411102e-02 -1.415433600882032295e-07 -9.999999999999901190e-01 -3.985340946144333429e-10 1.091999973653258627e+00 0.000000000000000000e+00 0.000000000000000000e+00 0.000000000000000000e+00 1.000000000000000000e+00
-5.838687575949714770e-01 1.332232660300469718e-07 -8.118480608491263073e-01 9.462590305488651765e-01 8.118480608491054351e-01 -1.843931507483631549e-07 -5.838687575949867981e-01 -5.484480147179253418e-02 -2.274841245930581124e-07 -9.999999999999742428e-01 -4.956504096043090613e-10 1.091999973638068333e+00 0.000000000000000000e+00 0.000000000000000000e+00 0.000000000000000000e+00 1.000000000000000000e+00
-6.619369513661652604e-01 1.360771862968235268e-07 -7.495595189283157378e-01 9.524843322170662985e-01 7.495595189283001947e-01 -1.528344000245596135e-07 -6.619369513661792492e-01 -6.265286504898805175e-02 -2.046329973803828750e-07 -9.999999999999789058e-01 -8.312133203958183003e-10 1.091999973596066376e+00 0.000000000000000000e+00 0.000000000000000000e+00 0.000000000000000000e+00 1.000000000000000000e+00
-7.333834560799679103e-01 4.883581272707715470e-08 -6.798152001450097348e-01 9.594587911047747220e-01 6.798152001450082915e-01 -4.414547039033323017e-08 -7.333834560799694646e-01 -6.979662662037891541e-02 -6.582613887307076084e-08 -9.999999999999977796e-01 -8.237701631941263258e-10 1.091999973587667982e+00 0.000000000000000000e+00 0.000000000000000000e+00 0.000000000000000000e+00 1.000000000000000000e+00
-7.975069776886689610e-01 -3.182346142160952240e-08 -6.033097218990292054e-01 9.671087988550047809e-01 6.033097218990286503e-01 2.508986651772460164e-08 -7.975069776886694051e-01 -7.620977745393865688e-02 4.051639290736375187e-08 -9.999999999999991118e-01 -8.099398929317658258e-10 1.091999973588503092e+00 0.000000000000000000e+00 0.000000000000000000e+00 0.000000000000000000e+00 1.000000000000000000e+00
-8.536721343734696710e-01 -5.376026873671335693e-08 -5.208107976935978378e-01 9.753573793637740907e-01 5.208107976935967276e-01 3.373075507795419981e-08 -8.536721343734713363e-01 -8.182869066403265779e-02 6.346098480047857038e-08 -9.999999999999978906e-01 -7.960769821124813461e-10 1.091999973592631124e+00 0.000000000000000000e+00 0.000000000000000000e+00 0.000000000000000000e+00 1.000000000000000000e+00
-9.013288535021986014e-01 1.235281285594247436e-08 -4.331354266790148899e-01 9.841239460357543711e-01 4.331354266790148344e-01 -4.485864568692932153e-09 -9.013288535021986014e-01 -8.659658768289901776e-02 -1.307693353602701336e-08 -1.000000000000000000e+00 -1.307201680234015839e-09 1.091999973517115530e+00 0.000000000000000000e+00 0.000000000000000000e+00 0.000000000000000000e+00 1.000000000000000000e+00
-9.413261840231643696e-01 -3.887073177777367050e-07 -3.374981707687269572e-01 9.938498038411327506e-01 3.374981707686964816e-01 1.434518999143818974e-07 -9.413261840232446387e-01 -9.018474120978271780e-02 4.143151299818015332e-07 -9.999999999999141798e-01 -3.847020924041544276e-09 1.091999973413838365e+00 0.000000000000000000e+00 0.000000000000000000e+00 0.000000000000000000e+00 1.000000000000000000e+00
-9.800196727471215397e-01 -2.232791877776474365e-08 -1.989005807649252555e-01 1.008351873009168287e+00 1.989005807649251167e-01 9.220361585349223787e-09 -9.800196727471216507e-01 -9.183387780428142744e-02 2.371573493142875577e-08 -9.999999999999996669e-01 -4.595099856175011155e-09 1.091999973276923441e+00 0.000000000000000000e+00 0.000000000000000000e+00 0.000000000000000000e+00 1.000000000000000000e+00
-9.997470196234585771e-01 -4.409799946921560965e-07 -2.249214871499990304e-02 1.026357935198240368e+00 2.249214871499155555e-02 2.387043329665772262e-08 -9.997470196235557216e-01 -9.107255276317488546e-02 4.414053327451289421e-07 -9.999999999999026334e-01 -1.394580717573035145e-08 1.091999972559434040e+00 0.000000000000000000e+00 0.000000000000000000e+00 0.000000000000000000e+00 1.000000000000000000e+00
-9.792542241128092684e-01 2.916430370814016015e-08 2.026355461344822306e-01 1.048876191003625502e+00 -2.026355461344820919e-01 6.869043889246029266e-09 -9.792542241128093794e-01 -8.879109981695515463e-02 -2.995118009163633133e-08 -9.999999999999996669e-01 -8.168159482124792703e-10 1.091999973584686368e+00 0.000000000000000000e+00 0.000000000000000000e+00 0.000000000000000000e+00 1.000000000000000000e+00
-9.074338878430183719e-01 5.941227176897712070e-08 4.201948823987522452e-01 1.070905051222680981e+00 -4.201948823987503023e-01 4.246259954765463362e-08 -9.074338878430200372e-01 -8.224647821165638473e-02 -7.175527577674145618e-08 -9.999999999999974465e-01 -1.356726930801244180e-08 1.091999972548217679e+00 0.000000000000000000e+00 0.000000000000000000e+00 0.000000000000000000e+00 1.000000000000000000e+00
-7.923530088396653071e-01 -2.694313910867052186e-08 6.100628733030135642e-01 1.090214995357878580e+00 -6.100628733030131201e-01 -1.967355212073584880e-08 -7.923530088396656401e-01 -7.132787133316380312e-02 3.335058101905374883e-08 -9.999999999999994449e-01 -8.486107372362994283e-10 1.091999973573325233e+00 0.000000000000000000e+00 0.000000000000000000e+00 0.000000000000000000e+00 1.000000000000000000e+00
-6.623266397595712895e-01 3.376896010043317631e-07 7.492152042401978296e-01 1.103167267609342250e+00 -7.492152042400999079e-01 3.830533661375312704e-07 -6.623266397596572208e-01 -5.729818156792675782e-02 -5.106502248275468503e-07 -9.999999999998696598e-01 -7.042657568234744758e-10 1.091999973623010822e+00 0.000000000000000000e+00 0.000000000000000000e+00 0.000000000000000000e+00 1.000000000000000000e+00
-5.336676604903782817e-01 -9.455809046876595403e-08 8.456942876398759745e-01 1.112834483864111990e+00 -8.456942876398626519e-01 -1.499831556728281612e-07 -5.336676604903867194e-01 -4.444884214062777561e-02 1.773024929097033464e-07 -9.999999999999842348e-01 7.392286782703649806e-11 1.091999973652534761e+00 0.000000000000000000e+00 0.000000000000000000e+00 0.000000000000000000e+00 1.000000000000000000e+00
-3.912697641828688511e-01 6.505926436473075114e-08 9.202760301324153236e-01 1.120300292235994588e+00 -9.202760301324022230e-01 1.551410034883460298e-07 -3.912697641828740691e-01 -3.021420047065224296e-02 -1.682282698145520783e-07 -9.999999999999859002e-01 -8.295024667148709341e-10 1.091999973590860318e+00 0.000000000000000000e+00 0.000000000000000000e+00 0.000000000000000000e+00 1.000000000000000000e+00
-2.388276906123785182e-01 1.405675076338042118e-09 9.710619620790210682e-01 1.125380627499046327e+00 -9.710619620790210682e-01 9.051257854331140607e-09 -2.388276906123784626e-01 -1.497022151890353876e-02 -9.125046440683348692e-09 -1.000000000000000000e+00 -7.966933779357532330e-10 1.091999973588708928e+00 0.000000000000000000e+00 0.000000000000000000e+00 0.000000000000000000e+00 1.000000000000000000e+00
-8.021874378814897177e-02 -2.125787423867819825e-08 9.967772836220992749e-01 1.127954963948776923e+00 -9.967772836220669674e-01 -2.540144354856721520e-07 -8.021874378815180284e-02 8.904983450050783095e-04 2.549010988950328738e-07 -9.999999999999675815e-01 -8.126472827996167325e-10 1.091999973600033425e+00 0.000000000000000000e+00 0.000000000000000000e+00 0.000000000000000000e+00 1.000000000000000000e+00
8.553331605303093887e-02 3.013020821729384124e-08 9.963353109495673987e-01 1.127129622060076608e+00 -9.963353109494981208e-01 -3.717087131427376789e-07 8.553331605303615692e-02 1.744592691189545894e-02 3.729236528471346901e-07 -9.999999999999303890e-01 -1.773688307338261438e-09 1.091999973504532928e+00 0.000000000000000000e+00 0.000000000000000000e+00 0.000000000000000000e+00 1.000000000000000000e+00
2.577390880971819342e-01 1.353932870262752886e-07 9.662145530195738186e-01 1.121505805364563013e+00 -9.662145530194473642e-01 -4.942071873959008599e-07 2.577390880972174614e-01 3.424564812376765244e-02 5.124063189310135158e-07 -9.999999999998687716e-01 3.442454543645112608e-09 1.091999974022930697e+00 0.000000000000000000e+00 0.000000000000000000e+00 0.000000000000000000e+00 1.000000000000000000e+00
4.402360646072940309e-01 8.225751020329852281e-07 8.978820676561070080e-01 1.113425686389042157e+00 -8.978820676545308244e-01 -1.682389139334716788e-06 4.402360646080626938e-01 5.212904792737545201e-02 1.872714264605779277e-06 -9.999999999982465138e-01 -2.072940485930985233e-09 1.091999973404101043e+00 0.000000000000000000e+00 0.000000000000000000e+00 0.000000000000000000e+00 1.000000000000000000e+00
6.152991795297212407e-01 1.768589164563572069e-07 7.882936760307166502e-01 1.104074302164827159e+00 -7.882936760306824553e-01 -2.324834373901296658e-07 6.152991795297465538e-01 7.066928303965956670e-02 2.920863696465048065e-07 -9.999999999999572564e-01 -3.630102884955022091e-09 1.091999973231478682e+00 0.000000000000000000e+00 0.000000000000000000e+00 0.000000000000000000e+00 1.000000000000000000e+00
7.557722749791272454e-01 -1.071035646837970035e-07 6.548345351101017009e-01 1.092772204947957349e+00 -6.548345351100963718e-01 8.415500052372237860e-08 7.557722749791347949e-01 8.664685566778122794e-02 -1.360535054062417260e-07 -9.999999999999907851e-01 -6.533096730265697261e-09 1.091999973096318799e+00 0.000000000000000000e+00 0.000000000000000000e+00 0.000000000000000000e+00 1.000000000000000000e+00
8.817214679516707232e-01 -4.591762255978792950e-07 4.717703392042998378e-01 1.074920627213473923e+00 -4.717703392042362220e-01 2.449868622411699448e-07 8.817214679517901832e-01 9.975050497736362431e-02 -5.204430707506091380e-07 -9.999999999998645528e-01 -6.155478349256782167e-10 1.091999973636318400e+00 0.000000000000000000e+00 0.000000000000000000e+00 0.000000000000000000e+00 1.000000000000000000e+00
9.510281191782775645e-01 -5.230305958059400240e-07 3.091043780536832375e-01 1.058672797251357656e+00 -3.091043780536369967e-01 1.690670786702597184e-07 9.510281191784213384e-01 1.067189180580389862e-01 -5.496761779633096978e-07 -9.999999999998487876e-01 -8.835012721419843729e-10 1.091999973596132989e+00 0.000000000000000000e+00 0.000000000000000000e+00 0.000000000000000000e+00 1.000000000000000000e+00
9.905874479330762927e-01 -2.633445941591094908e-07 1.368813646825800534e-01 1.041449811677767068e+00 -1.368813646825754460e-01 3.554937788585732505e-08 9.905874479331113758e-01 1.106719330692942788e-01 -2.657318968202204701e-07 -9.999999999999646949e-01 -8.321998645755002144e-10 1.091999973596008866e+00 0.000000000000000000e+00 0.000000000000000000e+00 0.000000000000000000e+00 1.000000000000000000e+00
9.992137949243412587e-01 -3.221961777238879776e-09 -3.964583247828913637e-02 1.023796818121211150e+00 3.964583247828913637e-02 -9.082292695694604845e-10 9.992137949243412587e-01 1.115376154643610562e-01 -3.255436160226610198e-09 -1.000000000000000000e+00 -7.797777978879594230e-10 1.091999973591018858e+00 0.000000000000000000e+00 0.000000000000000000e+00 0.000000000000000000e+00 1.000000000000000000e+00
9.766232585936286403e-01 2.230235243427802772e-07 -2.149581605194662570e-01 1.006265105793025638e+00 2.149581605194608447e-01 4.824029198324808476e-08 9.766232585936540644e-01 1.092816482027070268e-01 2.281796055297879988e-07 -9.999999999999740208e-01 -8.281353380823475163e-10 1.091999973596589957e+00 0.000000000000000000e+00 0.000000000000000000e+00 0.000000000000000000e+00 1.000000000000000000e+00
9.246289216254326426e-01 4.602343258996999253e-07 -3.808692128455353210e-01 9.898347483929510471e-01 3.808692128454885806e-01 1.886276989049306962e-07 9.246289216255472176e-01 1.036115163995734723e-01 4.973884516479287754e-07 -9.999999999998763212e-01 -8.784595273425566120e-10 1.091999973597972184e+00 0.000000000000000000e+00 0.000000000000000000e+00 0.000000000000000000e+00 1.000000000000000000e+00
8.078799244739897079e-01 5.093317068105562839e-08 -5.893471198130164623e-01 9.709473311957533825e-01 5.893471198130164623e-01 1.827782891705709289e-08 8.078799244739911511e-01 8.839391815477283532e-02 5.191987190178437572e-08 -9.999999999999984457e-01 -1.525102644173159661e-08 1.091999972334670721e+00 0.000000000000000000e+00 0.000000000000000000e+00 0.000000000000000000e+00 1.000000000000000000e+00
5.090368135956796491e-01 4.692005373119201295e-08 -8.607447486940336123e-01 9.443930339030948140e-01 8.607447486940301706e-01 7.768373500027792034e-08 5.090368135956818696e-01 5.774606994788761272e-02 9.074990164892327016e-08 -9.999999999999958922e-01 -8.423088893039221148e-10 1.091999973566184057e+00 0.000000000000000000e+00 0.000000000000000000e+00 0.000000000000000000e+00 1.000000000000000000e+00
1.062904792799916898e-01 4.725826469043070688e-08 -9.943351215834765888e-01 9.310344626357209830e-01 9.943351215833819978e-01 4.336473788946193508e-07 1.062904792800020704e-01 1.747124189244748937e-02 4.362139227054306900e-07 -9.999999999999047429e-01 -8.979645915729861372e-10 1.091999973565021875e+00 0.000000000000000000e+00 0.000000000000000000e+00 0.000000000000000000e+00 1.000000000000000000e+00
-3.145655472298176658e-01 -2.457431411695409906e-07 -9.492357539072922012e-01 9.354997123995117958e-01 9.492357539070033212e-01 7.404580777414793147e-07 -3.145655472299135336e-01 -2.462663503876462781e-02 7.801716074284925639e-07 -9.999999999996957989e-01 3.455753461167887508e-10 1.091999973688202230e+00 0.000000000000000000e+00 0.000000000000000000e+00 0.000000000000000000e+00 1.000000000000000000e+00
-6.223191149889868434e-01 -1.444675351569557620e-08 -7.827636419247665511e-01 9.519098927821701972e-01 7.827636419247663291e-01 1.951115458087571142e-08 -6.223191149889869545e-01 -5.552903889276532973e-02 2.426311335179676121e-08 -9.999999999999996669e-01 -8.337710521999497360e-10 1.091999973571165183e+00 0.000000000000000000e+00 0.000000000000000000e+00 0.000000000000000000e+00 1.000000000000000000e+00
-8.172876550554457609e-01 -3.208356136319423513e-07 -5.762298923987436705e-01 9.725632589507826609e-01 5.762298923986989285e-01 2.272291923510749712e-07 -8.172876550555088215e-01 -7.502670400638482284e-02 3.931512393418046258e-07 -9.999999999999227285e-01 -8.365426129586239767e-10 1.091999973602910678e+00 0.000000000000000000e+00 0.000000000000000000e+00 0.000000000000000000e+00 1.000000000000000000e+00
-9.600013775879094879e-01 -6.707796455229786403e-07 -2.799952767974250856e-01 1.004571809306882946e+00 2.799952767973614698e-01 1.888976659536467650e-07 -9.600013775881435230e-01 -8.434275534201553237e-02 6.968398380546858562e-07 -9.999999999997573052e-01 6.473112823535132065e-09 1.091999974272213958e+00 0.000000000000000000e+00 0.000000000000000000e+00 0.000000000000000000e+00 1.000000000000000000e+00
-9.992787439614365663e-01 -1.218990239061634728e-07 3.797356800247972397e-02 1.036439079743235014e+00 -3.797356800247952968e-02 -3.879697674236126659e-09 -9.992787439614440048e-01 -8.854215453225489085e-02 1.219584294664954882e-07 -9.999999999999925615e-01 -7.520413181083540621e-10 1.091999973781068167e+00 0.000000000000000000e+00 0.000000000000000000e+00 0.000000000000000000e+00 1.000000000000000000e+00
-9.992384174532209506e-01 1.281690164972593138e-07 3.902031631811341689e-02 1.040044583441827042e+00 -3.902031631811299361e-02 5.802417546441063223e-09 -9.992384174532292773e-01 -1.780237887909525418e-01 -1.282978173769433461e-07 -9.999999999999916733e-01 -7.968026238813763484e-10 1.091999973589066197e+00 0.000000000000000000e+00 0.000000000000000000e+00 0.000000000000000000e+00 1.000000000000000000e+00
-9.992380091810393328e-01 -7.213382255399913845e-08 3.903077001428771620e-02 1.044187608519717703e+00 -3.903077001428766762e-02 -2.064093562736957210e-09 -9.992380091810418863e-01 -2.840529677390030150e-01 7.215942040075806752e-08 -9.999999999999974465e-01 -7.529179502085980857e-10 1.091999973776627941e+00 0.000000000000000000e+00 0.000000000000000000e+00 0.000000000000000000e+00 1.000000000000000000e+00
-9.992376998837007029e-01 7.246349149891972985e-08 3.903868762043107010e-02 1.048187432529102958e+00 -3.903868762043091051e-02 3.607312448750121803e-09 -9.992376998837035895e-01 -3.864258505776096420e-01 -7.254907731513160485e-08 -9.999999999999973355e-01 -7.756828512839319956e-10 1.091999973597013618e+00 0.000000000000000000e+00 0.000000000000000000e+00 0.000000000000000000e+00 1.000000000000000000e+00
-9.992372864783747310e-01 6.142975013737062007e-08 3.904926774385552440e-02 1.052332409883911080e+00 -3.904926774385540644e-02 3.168243556395111682e-09 -9.992372864783763964e-01 -4.924545871971024447e-01 -6.150661443354854541e-08 -9.999999999999981126e-01 -7.670404311710399270e-10 1.091999973770574339e+00 0.000000000000000000e+00 0.000000000000000000e+00 0.000000000000000000e+00 1.000000000000000000e+00
-9.992369557575668804e-01 2.746316607460386194e-08 3.905772968759885916e-02 1.056477403098360579e+00 -3.905772968759882446e-02 1.874538524404556483e-09 -9.992369557575672134e-01 -5.984843517839162352e-01 -2.751542568096843056e-08 -9.999999999999996669e-01 -8.004592544352817640e-10 1.091999973577927330e+00 0.000000000000000000e+00 0.000000000000000000e+00 0.000000000000000000e+00 1.000000000000000000e+00
-9.992365641741742799e-01 1.519985194514683613e-07 3.906774650997742876e-02 1.060624213638294844e+00 -3.906774650997685283e-02 6.769464211409115251e-09 -9.992365641741860482e-01 -7.045129828094386371e-01 -1.521469460488700243e-07 -9.999999999999884537e-01 -8.260565564910393732e-10 1.091999973593729356e+00 0.000000000000000000e+00 0.000000000000000000e+00 0.000000000000000000e+00 1.000000000000000000e+00
-9.992362174583000467e-01 -1.438834631301011413e-09 3.907661346161635935e-02 1.064770966143035569e+00 -3.907661346161636629e-02 7.816229885548864331e-10 -9.992362174583002687e-01 -8.105423585020947730e-01 1.407192494473630262e-09 -1.000000000000000000e+00 -8.372507132037299016e-10 1.091999973567425730e+00 0.000000000000000000e+00 0.000000000000000000e+00 0.000000000000000000e+00 1.000000000000000000e+00
-9.992357875117723331e-01 -2.355991768759890803e-07 3.908760616452537640e-02 1.068919896540590386e+00 -3.908760616452448128e-02 -8.419208219478946376e-09 -9.992357875117999777e-01 -9.165705311975889114e-01 2.357482157301638015e-07 -9.999999999999723554e-01 -7.962337456035584182e-10 1.091999973514398148e+00 0.000000000000000000e+00 0.000000000000000000e+00 0.000000000000000000e+00 1.000000000000000000e+00
-9.992354091348234491e-01 -2.715040295017678851e-08 3.909727779732359576e-02 1.073068199352207097e+00 -3.909727779732359576e-02 -1.900466450877047464e-10 -9.992354091348238931e-01 -1.022599400123131996e+00 2.713707431337142317e-08 -9.999999999999995559e-01 -8.716052324331258205e-10 1.091999973568207549e+00 0.000000000000000000e+00 0.000000000000000000e+00 0.000000000000000000e+00 1.000000000000000000e+00
-9.992350166712617998e-01 -1.336852735213389654e-07 3.910730696385344984e-02 1.077219033672327519e+00 -3.910730696385320004e-02 -4.469335790346917747e-09 -9.992350166712707926e-01 -1.128627432193555435e+00 1.337577902014996933e-07 -9.999999999999910072e-01 -7.621541175950596880e-10 1.091999973657790557e+00 0.000000000000000000e+00 0.000000000000000000e+00 0.000000000000000000e+00 1.000000000000000000e+00
-9.992346514686296644e-01 -6.403691866357918983e-08 3.911663718115872268e-02 1.081369577333188170e+00 -3.911663718115869492e-02 -1.618431388905605672e-09 -9.992346514686316628e-01 -1.234656213125137514e+00 6.405121569588723140e-08 -9.999999999999980016e-01 -8.877161228326713172e-10 1.091999973581395222e+00 0.000000000000000000e+00 0.000000000000000000e+00 0.000000000000000000e+00 1.000000000000000000e+00
-9.992343068185043364e-01 1.391261359451334556e-07 3.912544027770036015e-02 1.085521699406507778e+00 -3.912544027769986749e-02 6.272612207425254383e-09 -9.992343068185139954e-01 -1.340684139708013145e+00 -1.392650267224848637e-07 -9.999999999999903411e-01 -8.244378513211358950e-10 1.091999973770691579e+00 0.000000000000000000e+00 0.000000000000000000e+00 0.000000000000000000e+00 1.000000000000000000e+00
-9.992339598289610159e-01 -1.183419128178431201e-07 3.913430112471870392e-02 1.089674639608917195e+00 -3.913430112471853739e-02 -3.759248912160728651e-09 -9.992339598289680103e-01 -1.446712782833743383e+00 1.183983737405858161e-07 -9.999999999999930056e-01 -8.748586299844873793e-10 1.091999973604436125e+00 0.000000000000000000e+00 0.000000000000000000e+00 0.000000000000000000e+00 1.000000000000000000e+00
-9.992336278505704605e-01 7.782863340605183922e-08 3.914277676125361982e-02 1.093828208819367820e+00 -3.914277676125343247e-02 3.880831545011176331e-09 -9.992336278505736802e-01 -1.552740475181835444e+00 -7.792089423350190280e-08 -9.999999999999970024e-01 -8.314284816179906556e-10 1.091999973773200905e+00 0.000000000000000000e+00 0.000000000000000000e+00 0.000000000000000000e+00 1.000000000000000000e+00
-9.992332862486770217e-01 -1.110568898926578285e-07 3.915149617393158532e-02 1.097983062737653892e+00 -3.915149617393143960e-02 -3.511836599301432216e-09 -9.992332862486831280e-01 -1.658768993130401936e+00 1.111092346982311962e-07 -9.999999999999938938e-01 -8.388996164399031841e-10 1.091999973756493603e+00 0.000000000000000000e+00 0.000000000000000000e+00 0.000000000000000000e+00 1.000000000000000000e+00
-9.992329893101423721e-01 1.378964723276754345e-07 3.915907397140942769e-02 1.102138812931329648e+00 -3.915907397140894197e-02 6.215245873519847919e-09 -9.992329893101518090e-01 -1.764797125319299553e+00 -1.380340875385688282e-07 -9.999999999999905631e-01 -8.105807136615794661e-10 1.091999973637146848e+00 0.000000000000000000e+00 0.000000000000000000e+00 0.000000000000000000e+00 1.000000000000000000e+00
-9.992320868473738571e-01 -8.595210210932124895e-08 3.918209558759279398e-02 1.106313380178884476e+00 -3.918209558759274541e-02 -2.238981888780244844e-09 -9.992320868473775208e-01 -1.871240747659848935e+00 8.597382636366113218e-08 -9.999999999999963363e-01 -1.130521010139773352e-09 1.091999973519242495e+00 0.000000000000000000e+00 0.000000000000000000e+00 0.000000000000000000e+00 1.000000000000000000e+00
-9.992047137773405474e-01 -1.416442171886522772e-10 3.987405127577337699e-02 1.111873516999389189e+00 -3.987405127577337699e-02 1.199588206546309266e-09 -9.992047137773405474e-01 -2.009841341945830084e+00 9.369912484791242946e-11 -1.000000000000000000e+00 -1.204282229494424428e-09 1.091999973359364606e+00 0.000000000000000000e+00 0.000000000000000000e+00 0.000000000000000000e+00 1.000000000000000000e+00
-9.992009487214870145e-01 2.810996333965642968e-08 3.996828835564056326e-02 1.124503651408688576e+00 -3.996828835564052163e-02 2.010964839094242507e-09 -9.992009487214873475e-01 -2.325653608691192975e+00 -2.816787686432675741e-08 -9.999999999999996669e-01 -8.858509481513010542e-10 1.091999973543673397e+00 0.000000000000000000e+00 0.000000000000000000e+00 0.000000000000000000e+00 1.000000000000000000e+00
-9.992004322957879214e-01 -1.476808725517364529e-07 3.998119682912242012e-02 1.137817527753789637e+00 -3.998119682912211481e-02 -5.055087237693101088e-09 -9.992004322957988016e-01 -2.658408008094856889e+00 1.477649001282999031e-07 -9.999999999999891198e-01 -8.534128959070130804e-10 1.091999973622094666e+00 0.000000000000000000e+00 0.000000000000000000e+00 0.000000000000000000e+00 1.000000000000000000e+00
-9.992000722510867572e-01 1.187011284785322029e-07 3.999019396563631423e-02 1.151134335750249926e+00 -3.999019396563593953e-02 5.542702630201290503e-09 -9.992000722510937516e-01 -2.991163086802038240e+00 -1.188278299125988813e-07 -9.999999999999930056e-01 -7.913878441456745350e-10 1.091999973594833806e+00 0.000000000000000000e+00 0.000000000000000000e+00 0.000000000000000000e+00 1.000000000000000000e+00
-9.896597568696292591e-01 9.424930681734000615e-08 1.434348829007009163e-01 1.179848498847358096e+00 -1.434348829007001114e-01 1.511691682942739590e-08 -9.896597568696336999e-01 -3.320622904967056144e+00 -9.544303927744302030e-08 -9.999999999999955591e-01 -1.441966102078140466e-09 1.091999972985438383e+00 0.000000000000000000e+00 0.000000000000000000e+00 0.000000000000000000e+00 1.000000000000000000e+00
-8.977968885831397738e-01 -9.387599100019183851e-07 4.404097488130254145e-01 1.280010063692754718e+00 -4.404097488127861615e-01 -4.590973581297674855e-07 -8.977968885836306034e-01 -3.557401977509297542e+00 1.045006678496163133e-06 -9.999999999994541033e-01 -1.262836502036179809e-09 1.091999973277498093e+00 0.000000000000000000e+00 0.000000000000000000e+00 0.000000000000000000e+00 1.000000000000000000e+00
-8.295134439936859838e-01 -8.173423942103852369e-07 5.584867466941949576e-01 1.291830672144351766e+00 -5.584867466939249514e-01 -5.492138746010510886e-07 -8.295134439940886617e-01 -3.550538874860230454e+00 9.847251744576901444e-07 -9.999999999995151656e-01 -8.946019480760014631e-10 1.091999973543285485e+00 0.000000000000000000e+00 0.000000000000000000e+00 0.000000000000000000e+00 1.000000000000000000e+00
-6.375009781023268651e-01 -1.047534464171384627e-07 7.704495459915372546e-01 1.312779406844100771e+00 -7.704495459915272626e-01 -1.245455973908349279e-07 -6.375009781023355249e-01 -3.531025983925900391e+00 1.627365234235789160e-07 -9.999999999999868994e-01 -1.309305330821075586e-09 1.091999973580639827e+00 0.000000000000000000e+00 0.000000000000000000e+00 0.000000000000000000e+00 1.000000000000000000e+00
-3.338290118285676122e-01 -1.968489999337741381e-07 9.426336461539677192e-01 1.330184693319040878e+00 -9.426336461538054046e-01 -5.532731843782556780e-07 -3.338290118286255659e-01 -3.500769206646099363e+00 5.872478260893210233e-07 -9.999999999998276934e-01 -8.578502352918349061e-10 1.091999973585856765e+00 0.000000000000000000e+00 0.000000000000000000e+00 0.000000000000000000e+00 1.000000000000000000e+00
8.626241421022673439e-02 1.334535474906139996e-07 9.962724506351690046e-01 1.335587391233005850e+00 -9.962724506339599717e-01 -1.552067772303544757e-06 8.626241421032987411e-02 -3.458762204920446504e+00 1.557794388318267664e-06 -9.999999999987865262e-01 -9.290201941070108660e-10 1.091999973525284551e+00 0.000000000000000000e+00 0.000000000000000000e+00 0.000000000000000000e+00 1.000000000000000000e+00
3.972945885277235911e-01 -1.067541134935900971e-07 9.176911299160386282e-01 1.327914200409088030e+00 -9.176911299160059876e-01 2.445244156046300077e-07 3.972945885277379685e-01 -3.427626224357021911e+00 -2.668107189074397922e-07 -9.999999999999644729e-01 -8.190759182014062389e-10 1.091999973604572682e+00 0.000000000000000000e+00 0.000000000000000000e+00 0.000000000000000000e+00 1.000000000000000000e+00
6.404389328144155513e-01 3.412190324736386060e-07 7.680090971696988955e-01 1.312793132240919425e+00 -7.680090971695892055e-01 -4.106247286639330696e-07 6.404389328145065896e-01 -3.403425344408778752e+00 5.338934800369621314e-07 -9.999999999998576694e-01 -9.207419271461958488e-10 1.091999973518206879e+00 0.000000000000000000e+00 0.000000000000000000e+00 0.000000000000000000e+00 1.000000000000000000e+00
8.487363010380044592e-01 3.417581324605123427e-07 5.288163114921939911e-01 1.286086872860290331e+00 -5.288163114921498043e-01 -2.159900389653302000e-07 8.487363010380734041e-01 -3.385980565180200852e+00 4.042815889282458386e-07 -9.999999999999183986e-01 -2.591311831778853048e-09 1.091999973365156418e+00 0.000000000000000000e+00 0.000000000000000000e+00 0.000000000000000000e+00 1.000000000000000000e+00
9.636592823339557023e-01 3.222263410818104745e-07 2.671343998280669707e-01 1.259717703477081230e+00 -2.671343998280517607e-01 -9.014802504481167489e-08 9.636592823340096592e-01 -3.374822679812480519e+00 3.345980431335160432e-07 -9.999999999999441558e-01 -7.942408952743562622e-10 1.091999973629581788e+00 0.000000000000000000e+00 0.000000000000000000e+00 0.000000000000000000e+00 1.000000000000000000e+00
9.979649902280374185e-01 8.067916519235995843e-07 -6.376423980964787686e-02 1.226629764223163832e+00 6.376423980962775406e-02 5.066261155040052699e-08 9.979649902283634910e-01 -3.371370106329342864e+00 8.083802859396027607e-07 -9.999999999996732614e-01 -8.849436738955773762e-10 1.091999973553224645e+00 0.000000000000000000e+00 0.000000000000000000e+00 0.000000000000000000e+00 1.000000000000000000e+00
8.823871452782022784e-01 8.850661964154848960e-07 -4.705240969886679281e-01 1.185930086431054464e+00 4.705240969884322277e-01 4.709276766323711172e-07 8.823871452786462566e-01 -3.382864303603450917e+00 1.002553854323462446e-06 -9.999999999994975131e-01 -9.044445192785133258e-10 1.091999973546198266e+00 0.000000000000000000e+00 0.000000000000000000e+00 0.000000000000000000e+00 1.000000000000000000e+00
6.983805373392089066e-01 -1.242071698825952808e-07 -7.157266412994436333e-01 1.161401218837428972e+00 7.157266412994320870e-01 -1.284520114719356343e-07 6.983805373392200089e-01 -3.401244081749509984e+00 -1.786803967562811124e-07 -9.999999999999840128e-01 -8.100042858671940849e-10 1.091999973617186814e+00 0.000000000000000000e+00 0.000000000000000000e+00 0.000000000000000000e+00 1.000000000000000000e+00
4.441448164481763827e-01 -4.782100888611751088e-07 -8.959550111595933064e-01 1.143405675286917278e+00 8.959550111590719457e-01 -9.665524403068559423e-07 4.441448164484338990e-01 -3.426682511640964268e+00 -1.078382034613856177e-06 -9.999999999994186872e-01 -8.345306667933982681e-10 1.091999973554298897e+00 0.000000000000000000e+00 0.000000000000000000e+00 0.000000000000000000e+00 1.000000000000000000e+00
9.653985197213110769e-02 9.565136005473817704e-08 -9.953291199302820580e-01 1.133531909484409628e+00 9.953291199298025527e-01 9.771007974945788987e-07 9.653985197217856973e-02 -3.461463463703318144e+00 9.817710450721328641e-07 -9.999999999995181632e-01 -8.754177382996886081e-10 1.091999973568836602e+00 0.000000000000000000e+00 0.000000000000000000e+00 0.000000000000000000e+00 1.000000000000000000e+00
-1.876084281070631299e-01 -4.341558257348054894e-08 -9.822438992954830583e-01 1.134950553729900058e+00 9.822438992954557468e-01 2.315073366343511907e-07 -1.876084281070682369e-01 -3.489877996851429742e+00 2.355417982879970396e-07 -9.999999999999722444e-01 -7.880363028789361124e-10 1.091999973630364718e+00 0.000000000000000000e+00 0.000000000000000000e+00 0.000000000000000000e+00 1.000000000000000000e+00
-5.196308245838854312e-01 -4.046064500107249273e-07 -8.543908977406698968e-01 1.147587409395184332e+00 8.543908977404095495e-01 6.669561547489877285e-07 -5.196308245840429718e-01 -3.523130487459876559e+00 7.800872512397916125e-07 -9.999999999996959099e-01 -8.789087235783199503e-10 1.091999973562145287e+00 0.000000000000000000e+00 0.000000000000000000e+00 0.000000000000000000e+00 1.000000000000000000e+00
-8.150090207868585512e-01 -8.885942023861836958e-07 -5.794482686446276176e-01 1.174865080894597513e+00 5.794482686442836705e-01 6.313782643374565851e-07 -8.150090207873429415e-01 -3.552828518024257143e+00 1.090063332931379136e-06 -9.999999999994059197e-01 3.153910466124898448e-10 1.091999973655776390e+00 0.000000000000000000e+00 0.000000000000000000e+00 0.000000000000000000e+00 1.000000000000000000e+00
-9.466774526552912405e-01 1.243657646865514721e-07 -3.221828683125059767e-01 1.200540379548790559e+00 3.221828683125033121e-01 -4.147431353906938511e-08 -9.466774526552993452e-01 -3.566066648900743541e+00 -1.310965785927820093e-07 -9.999999999999914513e-01 -8.057214895274000810e-10 1.091999973614542929e+00 0.000000000000000000e+00 0.000000000000000000e+00 0.000000000000000000e+00 1.000000000000000000e+00
-9.992657036505434576e-01 -2.938378163251653685e-07 -3.831518638474822741e-02 1.228965801547860393e+00 3.831518638474662453e-02 1.106908409376217151e-08 -9.992657036505866452e-01 -3.570756100345145789e+00 2.940461663117344138e-07 -9.999999999999568123e-01 1.974944652261001465e-10 1.091999973489392151e+00 0.000000000000000000e+00 0.000000000000000000e+00 0.000000000000000000e+00 1.000000000000000000e+00
-9.620089823764788051e-01 -2.021104045513144598e-07 2.730177976376835236e-01 1.259791317705210911e+00 -2.730177976376780835e-01 -5.478868159158878370e-08 -9.620089823764998993e-01 -3.562912296243371024e+00 2.093903097855065454e-07 -9.999999999999780176e-01 -2.472533733310910975e-09 1.091999973420703762e+00 0.000000000000000000e+00 0.000000000000000000e+00 0.000000000000000000e+00 1.000000000000000000e+00
-8.427414595145164000e-01 1.959185929045759167e-07 5.383185231954263905e-01 1.286489514872126483e+00 -5.383185231954081829e-01 1.403088057960744095e-07 -8.427414595145390486e-01 -3.551218903381420766e+00 -2.406395501197700071e-07 -9.999999999999711342e-01 -1.277744043903794591e-08 1.091999972515183881e+00 0.000000000000000000e+00 0.000000000000000000e+00 0.000000000000000000e+00 1.000000000000000000e+00
-5.745363799672404959e-01 1.106012761875607708e-06 8.184790456040493822e-01 1.315957131480552045e+00 -8.184790456025317074e-01 1.576221065002769706e-06 -5.745363799683050887e-01 -3.526361910104107267e+00 -1.925548481440664261e-06 -9.999999999981462606e-01 -3.480751242790347533e-10 1.091999973550382030e+00 0.000000000000000000e+00 0.000000000000000000e+00 0.000000000000000000e+00 1.000000000000000000e+00
-1.918515229496104979e-01 1.571997531590874075e-07 9.814239619766222944e-01 1.332295275093721365e+00 -9.814239619762890054e-01 8.088707290632157765e-07 -1.918515229496746133e-01 -3.488104372615647542e+00 -8.240041278195775476e-07 -9.999999999996604938e-01 -9.034768488902500394e-10 1.091999973525502821e+00 0.000000000000000000e+00 0.000000000000000000e+00 0.000000000000000000e+00 1.000000000000000000e+00
9.179364589359217952e-02 -2.359623940684230092e-09 9.957780508595083235e-01 1.333730400935235316e+00 -9.957780508595082125e-01 1.669138560700389462e-08 9.179364589359201299e-02 -3.459738732667651639e+00 -1.683751371661657004e-08 -9.999999999999997780e-01 -8.174985133280188165e-10 1.091999973601335494e+00 0.000000000000000000e+00 0.000000000000000000e+00 0.000000000000000000e+00 1.000000000000000000e+00
3.842774346328307056e-01 -1.398085789361402931e-07 9.232176629766086773e-01 1.326179753836083330e+00 -9.232176629765384002e-01 3.600485458665758642e-07 3.842774346328559631e-01 -3.430578604205601234e+00 -3.861284591510916187e-07 -9.999999999999253930e-01 9.284782054308493571e-09 1.091999974183567979e+00 0.000000000000000000e+00 0.000000000000000000e+00 0.000000000000000000e+00 1.000000000000000000e+00
6.464389883497281275e-01 2.420745136566537781e-07 7.629656835935161308e-01 1.309199750652407568e+00 -7.629656835934617298e-01 -2.882580605323425971e-07 6.464389883497733136e-01 -3.404866351559473703e+00 3.764174120179930583e-07 -9.999999999999290567e-01 -1.646702330049265584e-09 1.091999973528617218e+00 0.000000000000000000e+00 0.000000000000000000e+00 0.000000000000000000e+00 1.000000000000000000e+00
8.360376073596849089e-01 -2.267294130220420811e-08 5.486721417023947556e-01 1.287744192666565368e+00 -5.486721417023946445e-01 1.394575099844530541e-08 8.360376073596854640e-01 -3.385921646549411523e+00 -2.660707681956253623e-08 -9.999999999999998890e-01 -7.808389490548961476e-10 1.091999973641805122e+00 0.000000000000000000e+00 0.000000000000000000e+00 0.000000000000000000e+00 1.000000000000000000e+00
9.863725154869747991e-01 -3.731597560258093083e-07 1.645273858412588108e-01 1.249371221379713015e+00 -1.645273858412472090e-01 6.170186417353562547e-08 9.863725154870454093e-01 -3.370814191252968328e+00 -3.782261736723357970e-07 -9.999999999999286127e-01 -5.339761965927891652e-10 1.091999973574685701e+00 0.000000000000000000e+00 0.000000000000000000e+00 0.000000000000000000e+00 1.000000000000000000e+00
9.720438814759198021e-01 -7.761186330695890589e-07 -2.347992599746122067e-01 1.209423683524934123e+00 2.347992599745366560e-01 -1.883657403389804585e-07 9.720438814762296653e-01 -3.372112688536569980e+00 -7.986495049877584407e-07 -9.999999999996810329e-01 -8.676845908439645427e-10 1.091999973564067528e+00 0.000000000000000000e+00 0.000000000000000000e+00 0.000000000000000000e+00 1.000000000000000000e+00
8.716435971021132545e-01 4.392461783186973889e-08 -4.901402244571311795e-01 1.183888254914958527e+00 4.901402244571306244e-01 2.377516139517865668e-08 8.716435971021143647e-01 -3.382151589411314774e+00 4.993977487099954260e-08 -9.999999999999986677e-01 -8.057547962181388357e-10 1.091999973616935016e+00 0.000000000000000000e+00 0.000000000000000000e+00 0.000000000000000000e+00 1.000000000000000000e+00
6.805803772969021281e-01 7.808899155081761023e-08 -7.326734265949599312e-01 1.161718332980159918e+00 7.326734265949554903e-01 8.127227357768163074e-08 6.805803772969066801e-01 -3.403575689129124893e+00 1.126918705574020407e-07 -9.999999999999936717e-01 -1.901414359295472423e-09 1.091999973419343739e+00 0.000000000000000000e+00 0.000000000000000000e+00 0.000000000000000000e+00 1.000000000000000000e+00
4.197188151329993566e-01 2.108574029269227879e-07 -9.076541831685165374e-01 1.147533247346231633e+00 9.076541831684041828e-01 4.518248905016619688e-07 4.197188151330525363e-01 -3.432136775353830771e+00 4.986015714192326698e-07 -9.999999999998759881e-01 -1.746196298668678537e-09 1.091999973511663224e+00 0.000000000000000000e+00 0.000000000000000000e+00 0.000000000000000000e+00 1.000000000000000000e+00
